ITERATION	avg. Average Leg distance	avg. Average Trip distance
0	10412.673140813544	28066.07389706385	
1	10412.875554671129	28071.603815328217	
2	10395.588255481822	28043.547808402098	
3	10389.556699558028	28054.28261987057	
4	10373.282067694605	28019.556354860346	
5	10381.734554357761	28063.449269172495	
6	10391.279603088315	28083.09801819653	
7	10385.792439318331	28070.919001270297	
8	10360.523752074267	28115.379300636574	
9	10318.500503498695	28092.86619014705	
10	10313.159748956206	28061.481270973603	
11	10218.173122550037	28192.758714368087	
12	10125.255375534889	28217.26952923132	
13	10089.30759787868	28310.845707972934	
14	10053.348149171668	28346.420038554963	
15	10020.522305372117	28359.93094622376	
16	10011.790947171052	28395.38245445117	
17	10004.920587245408	28570.872388814572	
18	9986.176914360538	28553.19502180753	
19	9979.545472786684	28572.240318560303	
20	9973.459038943018	28629.908809992863	
21	10047.855685114737	28868.782839546897	
22	10024.918149679435	28883.707948104155	
23	10037.81465149268	28953.45829775061	
24	10051.650629955284	28987.024194621925	
25	10032.666128189563	28960.46552815973	
26	10014.836819741879	28921.68994026127	
27	10020.000679431821	28969.57069337618	
28	10011.176170118866	28970.199037830705	
29	10020.312400347917	28998.604577443097	
30	10001.560250840734	29004.24262907155	
31	10017.521381562878	29032.21446550668	
32	9973.525459643122	29038.15508153898	
33	9958.912281092978	29003.546288534162	
34	9930.05355057413	28943.500900658477	
35	9866.808111654258	28892.757102579115	
36	9886.300319205186	28929.754035763446	
37	9861.083312917186	28946.378716921612	
38	9837.366707889669	28919.671209823417	
39	9833.826692642875	29007.817894656644	
40	9758.366765302479	28814.14255164239	
41	9760.568554287069	28870.36152441	
42	9784.340196183824	29029.91745633205	
43	9781.13131948864	29102.43820516094	
44	9755.580850542783	29036.601683069875	
45	9689.277951415452	28901.22707665651	
46	9739.083528823943	29092.173747974703	
47	9639.811587887007	28809.410710527543	
48	9649.96350086431	28865.674771113965	
49	9663.731342269386	28891.933180079533	
50	9659.270014619273	28881.962022005886	
51	9592.339141893066	28711.447519663474	
52	9572.993498068428	28653.13897975364	
53	9598.635515070799	28740.03112624723	
54	9612.083267812783	28770.7138342226	
55	9592.80394173627	28717.73222372334	
56	9598.735481492393	28710.63242063931	
57	9604.383136080743	28757.06835768523	
58	9591.649219684263	28745.0896979123	
59	9529.829616573561	28618.68817499913	
60	9528.899896707786	28662.321446878494	
61	9539.427227351754	28677.063001388422	
62	9522.831136313367	28657.27972161169	
63	9547.082504564005	28760.339551170415	
64	9541.258532751031	28769.56600942592	
65	9554.409114498674	28841.398479090043	
66	9517.772773799337	28817.831682808788	
67	9548.457809938716	28915.523253519976	
68	9433.948853235237	28570.64451944297	
69	9482.950532192002	28769.85936323161	
70	9399.530256626287	28551.87551626967	
71	9457.89302060664	28756.250933358628	
72	9365.876826638407	28516.918938157167	
73	9382.246281641155	28643.734085184642	
74	9309.176875290137	28454.40691122716	
75	9329.891647723513	28550.563318555694	
76	9236.999462471094	28277.291489138002	
77	9293.342442485662	28511.850681103842	
78	9216.684690284508	28334.178414770224	
79	9188.708395695256	28235.93167576093	
80	9121.405705376756	28079.12450716467	
81	9143.17146083132	28139.410874608406	
82	9090.211671087322	27966.69482993932	
83	9116.12079050477	28129.769457515227	
84	9024.763854184006	27846.295235034373	
85	9063.60846698042	28025.8432038998	
86	8999.379029522896	27858.87821645656	
87	9027.200266780115	27972.72029409474	
88	8961.410668236933	27794.520122218415	
89	9035.318032956733	28034.298472291517	
90	8988.53010778042	27931.518896935468	
91	9007.343526593553	27991.69258790344	
92	8973.53705236209	27912.370085141833	
93	9018.598121132824	28077.235771445197	
94	9018.253112150056	28079.12540916033	
95	8989.943685521095	28020.333829266794	
96	8986.400609179234	28008.694175873166	
97	8951.913761387359	27904.203879280565	
98	8950.345976482911	27901.40172931263	
99	8948.96210101882	27904.712272343993	
100	8925.720072746644	27814.095176343657	
101	8950.343098374335	27911.34742212416	
102	8947.286533225097	27899.406038592784	
103	8948.260449708683	27914.186875636453	
104	8940.202483152469	27885.304706561437	
105	8950.425322018073	27930.91138644942	
106	8993.659975249195	28053.18729289163	
107	8990.515512119367	28043.409450281968	
108	8996.052266345754	28076.818961172474	
109	8998.580607916569	28067.43541161016	
110	8984.64824153361	28035.428636806366	
111	8996.619088047391	28058.89024414445	
112	8992.452633140989	28056.343561315294	
113	8969.036114502356	27982.43308945608	
114	8969.972089933555	27987.159772372197	
115	8975.486800063156	28006.913847945045	
116	8962.406426026846	27965.64663099279	
117	8946.776481382343	27920.212388440486	
118	8971.955543947553	27852.0192949789	
119	8960.098288175786	27949.492976231322	
120	8971.930347378633	27981.00091034626	
121	8976.472469244698	28021.549904379932	
122	8976.606742421358	28019.61403734139	
123	9005.434423976201	28091.5881032908	
124	9020.850757669261	28154.668937295744	
125	8995.654813049056	28082.776934088623	
126	9022.256609070546	28175.382131284423	
127	8993.76965497083	28099.88319259737	
128	9043.001959820296	28244.39649353653	
129	9024.680194915443	28190.77228801738	
130	9049.397078611088	28285.259866422515	
131	9024.385479014722	28201.3948422035	
132	9065.504680552918	28326.211336473665	
133	9042.409907373434	28269.61705834393	
134	9078.623649348057	28366.1099870424	
135	9065.004752185683	28335.00923922096	
136	9097.451019808852	28423.119886222987	
137	9102.187494176476	28424.210927528784	
138	9098.540186854802	28414.91237916699	
139	9090.117047703106	28377.032858509527	
140	9086.324197032653	28372.774669992563	
141	9091.585367993248	28395.28989729989	
142	9071.844318751	28338.94342925746	
143	9104.401944902038	28451.505457336003	
144	9064.160913587102	28307.138591909774	
145	9091.113866646685	28370.80417090658	
146	9081.851936628387	28359.995866711968	
147	9125.095128068055	28493.96713201112	
148	9082.963029470782	28375.734423334678	
149	9112.299384674716	28489.547066203595	
150	9057.467985027642	28334.535169425893	
151	9042.697696883011	28308.071277232946	
152	9061.950175657063	28354.789909274874	
153	9023.35649166839	28243.63320278241	
154	9096.329189296364	28464.849329569908	
155	9049.53325359	28340.111657907586	
156	9097.455232564052	28489.077616760827	
157	9087.18350290955	28478.716845015053	
158	9079.707545609936	28438.6787248993	
159	9107.387014505937	28529.759788053176	
160	9102.85178852248	28535.527956528684	
161	9125.124931471502	28597.2480020353	
162	9110.03496135713	28561.22393255953	
163	9149.116798515402	28697.53006819944	
164	9149.228735881034	28686.895651044993	
165	9180.018577282797	28794.692802156707	
166	9188.872996919661	28809.77769592777	
167	9217.119118843071	28912.60664790272	
168	9193.60902485249	28885.937082916236	
169	9155.28006625791	28762.951819335376	
170	9189.780107408984	28857.28277937939	
171	9182.272556964434	28834.357473850796	
172	9213.610617057753	28955.14254479885	
173	9199.230457813028	28901.334473633444	
174	9232.034643521858	29055.649747211675	
175	9207.17651184431	28950.556458295236	
176	9260.790695143281	29173.445356967088	
177	9257.804417856321	29115.446613581462	
178	9302.249300804317	29325.575729773973	
179	9314.734005995204	29335.05447227488	
180	9317.415732812557	29354.322179980652	
181	9298.61539356455	29317.60198351648	
182	9361.588568468333	29539.04268227269	
183	9310.453539098024	29392.780277623377	
184	9350.615595485642	29539.609873734516	
185	9297.096595809819	29351.6634586427	
186	9322.732929489162	29445.88031757544	
187	9306.293109392782	29410.239288160323	
188	9307.234773575265	29398.50217261998	
189	9249.716847520474	29202.76420225351	
190	9256.098491338067	29208.234403572536	
191	9259.905237442747	29228.02810933371	
192	9206.662644945216	29048.011404529316	
193	9186.673724105509	28966.98397551246	
194	9180.397872219368	28942.501768598235	
195	9171.898334788295	28919.744254161218	
196	9183.795298064602	28956.86564569571	
197	9147.45446143991	28833.303442311502	
198	9153.872386662017	28884.97782210236	
199	9140.236038758747	28839.040480893073	
200	9152.686734877354	28901.354855701247	
201	9129.163363046673	28825.330798961793	
202	9145.375454380435	28882.017305277288	
203	9136.718863220252	28839.98168628499	
204	9170.119046832551	28947.456762331753	
205	9141.0310632741	28820.87419674194	
206	9146.364650544274	28860.11076539457	
207	9143.123012246126	28826.725263095	
208	9153.639948711154	28882.31587281684	
209	9140.869542853874	28821.806016270817	
210	9158.161818687471	28879.277570395716	
211	9152.24492911365	28849.56984451508	
212	9110.044205137852	28712.151265434008	
213	9136.031055703299	28793.005254871125	
214	9113.379451776309	28728.012237776216	
215	9144.622258592026	28819.433060145904	
216	9112.409731063119	28718.584396923827	
217	9137.105433810997	28789.04505601624	
218	9118.985891016517	28726.79944008143	
219	9148.799070681562	28829.101710373277	
220	9146.44316821721	28804.41858455078	
221	9160.847218506937	28852.8188916725	
222	9140.843450718217	28770.761033728017	
223	9165.424159560132	28863.4730682366	
224	9163.533460187566	28839.7751277611	
225	9136.912642094821	28771.380991121776	
226	9140.190082029449	28766.585251300996	
227	9139.360170540858	28777.857473994936	
228	9165.91781067424	28851.999229598245	
229	9160.343379997754	28837.70622887753	
230	9165.894641221405	28858.54668217247	
231	9163.20202953584	28841.211388164036	
232	9151.815942998614	28808.011935898237	
233	9161.099517835253	28837.139121490243	
234	9154.776329752574	28816.63756090586	
235	9173.370715397423	28880.46826541425	
236	9187.683597954132	28924.76168566997	
237	9184.967202084485	28911.26199884955	
238	9204.260736103297	28980.18287127406	
239	9182.293345635817	28895.061307117776	
240	9211.320365875901	28997.8611854761	
241	9237.364948782471	29079.218859135584	
242	9238.355853965018	29081.81310458876	
243	9226.644950470838	29044.764805401577	
244	9222.844995106847	29032.96460711758	
245	9214.348342250174	28998.92021630362	
246	9208.29700954819	28990.268272498204	
247	9212.654080692813	29000.682278193854	
248	9214.94744182794	29020.979034732485	
249	9265.538801175042	29172.642384141283	
250	9247.472804148434	29125.16417988601	
251	9221.58080152062	29041.118222104316	
252	9225.27483069823	29072.16434739862	
253	9238.808260138601	29109.030995106263	
254	9202.540598189482	29003.295758010965	
255	9267.371586237716	29206.847994741613	
256	9233.233374486797	29101.39038811147	
257	9240.127143158934	29115.031971447806	
258	9268.878049146497	29236.626522368304	
259	9278.747860394466	29253.436993745774	
260	9252.147662746853	29178.726941550492	
261	9280.409716922568	29260.001746296446	
262	9290.874075281981	29303.578291683745	
263	9268.251875895865	29222.21484917307	
264	9281.565808700956	29262.119680307784	
265	9296.927048964571	29320.533962808182	
266	9275.415294952249	29248.13134615665	
267	9328.16971783173	29411.45830054953	
268	9350.67225960854	29487.674894229356	
269	9287.706358474174	29297.336644440038	
270	9340.906238862905	29450.757323337144	
271	9302.475884749372	29334.49314784141	
272	9348.224982223497	29479.728548604435	
273	9354.817782089041	29503.176437965118	
274	9321.365308799686	29397.453562541785	
275	9309.618725540797	29356.689772282	
276	9344.200276824333	29492.402948544113	
277	9395.566865644952	29641.58755347048	
278	9284.712091347004	29294.999900842275	
279	9348.275273493997	29493.31615728294	
280	9331.78191848571	29436.009832621996	
281	9360.325327341288	29532.007867776778	
282	9346.70544601398	29487.629560396523	
283	9360.348906214824	29529.960295865665	
284	9368.666193740673	29551.31821338034	
285	9341.447611857973	29473.298276813548	
286	9393.563758392658	29641.876615830417	
287	9373.4260304823	29568.86212420027	
288	9397.822814064699	29670.69464376466	
289	9386.33836499929	29636.724492030484	
290	9412.551922462811	29723.500062513314	
291	9367.50337923466	29591.632207285584	
292	9359.994374106058	29561.968199224062	
293	9360.202030665621	29567.055079475504	
294	9367.729877198584	29588.10004611806	
295	9331.340157064838	29480.759576344568	
296	9416.88264240972	29737.356396038227	
297	9332.230446473377	29473.892086989497	
298	9371.21006750025	29592.501937467645	
299	9398.40680125842	29700.53866496277	
300	9403.520853673064	29698.584253571556	
301	9405.338996329569	29706.33126062837	
302	9353.935939314253	29527.66507135492	
303	9368.081759235683	29596.33828179853	
304	9366.431153152223	29586.94276314624	
305	9392.506058027795	29664.10018584543	
306	9370.907668955397	29594.021034869576	
307	9385.181423767035	29650.319484613876	
308	9331.563077619532	29453.91554751339	
309	9412.399211842654	29714.697767057794	
310	9350.785106336363	29520.143198116944	
311	9387.103454647362	29650.83557287296	
312	9331.74596973108	29463.85358670412	
313	9381.889911486405	29624.50951677382	
314	9295.943984846543	29343.931547727494	
315	9366.227209616725	29568.081512038978	
316	9373.077777072303	29603.35632391774	
317	9392.508994393116	29658.15077685477	
318	9343.002386992524	29506.79178126664	
319	9380.758717687171	29617.770977618293	
320	9379.042229037634	29619.29188143967	
321	9315.707002561794	29402.02057835988	
322	9428.203808002034	29775.507020313267	
323	9331.096658565097	29461.16870862317	
324	9404.421252551858	29700.841621810345	
325	9353.652563626649	29532.84592368055	
326	9387.934080087745	29641.705407676312	
327	9391.505226360032	29658.110487673825	
328	9356.420544120208	29548.984100223555	
329	9405.099405165254	29695.78531466606	
330	9413.693848128396	29726.900145286432	
331	9394.08710956497	29666.2283933143	
332	9314.309522196612	29408.827750928056	
333	9379.402675227862	29615.146098920723	
334	9370.437057251725	29582.431893271816	
335	9394.088924154863	29664.242444448366	
336	9410.522293998207	29711.35902964554	
337	9374.779720077793	29602.83103822598	
338	9331.489456792053	29470.13102181417	
339	9360.679155141963	29556.912235069703	
340	9350.678478148202	29531.196451843414	
341	9415.730115528855	29731.040715747233	
342	9380.4484302073	29615.54461901542	
343	9385.522560267405	29637.86647499914	
344	9359.927669831213	29558.970460681114	
345	9423.144115128813	29756.366249893188	
346	9314.018076699507	29421.95464398776	
347	9373.82006487389	29599.647107968598	
348	9310.68557534514	29403.195304794426	
349	9360.757113614718	29560.5138454028	
350	9334.883582087547	29489.52874321118	
351	9371.133210432172	29519.401297366356	
352	9359.578832750534	29484.63973624364	
353	9339.97117476306	29422.26849998231	
354	9354.11193080409	29466.336254718386	
355	9354.204680663157	29467.465099134246	
356	9322.437812222775	29364.371222611528	
357	9333.622472654335	29401.86710258526	
358	9343.070171952008	29430.266297999715	
359	9296.711347090162	29285.517898056154	
360	9351.81169508172	29458.298975843503	
361	9327.995554929234	29382.67042490998	
362	9340.653899297968	29425.719322884008	
363	9323.53745908042	29370.721715688614	
364	9388.867095952755	29575.55074401501	
365	9308.452912433651	29319.111597798186	
366	9372.5411031786	29526.06498155318	
367	9288.001199288192	29256.480188045043	
368	9364.17021363419	29500.062125729684	
369	9306.253616359458	29313.6712034142	
370	9381.934728138875	29556.44118950261	
371	9302.840620447883	29299.97149993796	
372	9382.442314127476	29558.27647326747	
373	9330.603781820344	29387.142422206725	
374	9356.769716479825	29478.805889499476	
375	9331.128774613826	29390.380906390725	
376	9379.914766145164	29550.765790182537	
377	9337.443824866412	29411.62759488512	
378	9351.36572369096	29458.950807339603	
379	9335.668626301951	29404.937530005416	
380	9339.194528509197	29423.933438023334	
381	9356.185141376103	29471.331372248016	
382	9345.380692537103	29442.36116567912	
383	9339.243832584041	29418.14216282286	
384	9343.989663874021	29435.802112480877	
385	9343.80501445045	29435.082277920257	
386	9351.840352279192	29461.79334308714	
387	9349.240699716125	29453.487765106038	
388	9340.057946999621	29420.91979753789	
389	9309.018167011194	29325.705029063058	
390	9354.267517969938	29466.33849999227	
391	9355.50157953207	29466.129936579182	
392	9285.533623785448	29250.463647800014	
393	9337.939688585508	29411.251591988388	
394	9296.594333544132	29285.279843586188	
395	9364.712934404606	29495.74482820116	
396	9372.088585719548	29521.161168222916	
397	9366.316659307691	29503.12773136662	
398	9313.007486952585	29334.49970761584	
399	9360.0222960029	29486.06595248051	
400	9305.9839495002	29315.18491649493	
401	9334.605777327684	29403.272860472905	
402	9304.260088563431	29306.4929368507	
403	9320.790901077818	29359.258697697154	
404	9341.123594509174	29426.19161463151	
405	9358.027627352265	29481.333401657303	
406	9336.611332887443	29412.47125027152	
407	9326.299193241204	29380.26393959485	
408	9332.37441019446	29395.284596638765	
409	9307.487119438607	29320.460765618387	
410	9371.823041784746	29520.822166295657	
411	9295.795403012668	29283.50180572039	
412	9343.591670468284	29434.357543048583	
413	9374.420629438393	29527.737287362852	
414	9294.78172049332	29278.24177403099	
415	9353.537386889036	29468.331856454824	
416	9326.16976542779	29376.378420988178	
417	9309.42577500205	29325.700520658622	
418	9275.698872596977	29214.55208520565	
419	9359.542732976319	29488.133530491374	
420	9304.892304215427	29307.27049073335	
421	9366.654091046395	29507.82286889448	
422	9281.652851817484	29234.44667251137	
423	9373.15037773964	29529.27605780122	
424	9302.939613770417	29302.958614974523	
425	9332.36988680493	29398.33496352051	
426	9329.511893073708	29386.676043336738	
427	9363.776203627707	29499.686733486877	
428	9323.10008229641	29366.445413942456	
429	9301.121855941137	29299.47379640258	
430	9345.01651617063	29437.123266584862	
431	9340.213294924473	29423.55416434862	
432	9297.690500756875	29285.212658519784	
433	9384.83605077292	29565.06900132999	
434	9346.354108496756	29439.816439367205	
435	9337.63948219151	29412.58416382952	
436	9350.16133914392	29451.614674928653	
437	9342.19643128946	29423.25292100479	
438	9353.620441363986	29464.958583565927	
439	9317.881799972025	29346.4643230682	
440	9329.466942520003	29388.928616992867	
441	9365.361782225747	29501.058666236037	
442	9332.455785989996	29397.816732405096	
443	9330.655067840264	29385.953544382905	
444	9393.605209377783	29591.993298202524	
445	9271.019782791911	29201.096344163987	
446	9356.592673220299	29472.086114322392	
447	9340.919332404104	29416.89461525604	
448	9311.914185289505	29336.228948641074	
449	9332.641741602713	29390.63781951621	
450	9365.45141842931	29502.68370316758	
451	9319.371320400149	29351.25680130319	
452	9337.803963720393	29417.771073294043	
453	9296.692118071333	29277.750356275596	
454	9361.650951280122	29492.946726976752	
455	9318.621516049923	29348.40762605601	
456	9363.31716836126	29497.688679468127	
457	9306.936283260546	29310.798766005944	
458	9350.614814669321	29457.335777950113	
459	9342.890955429506	29426.692250200318	
460	9366.073400582174	29506.295546131543	
461	9335.333441665649	29401.345239163224	
462	9387.421628333512	29574.370659976372	
463	9327.971148367255	29375.36984352048	
464	9353.158253991009	29466.62545126863	
465	9299.424321478235	29284.65212925456	
466	9394.675281472137	29595.81064307357	
467	9308.445301657102	29320.62027300595	
468	9376.504867810056	29537.692736195804	
469	9305.300219964696	29302.721586638032	
470	9376.10528553336	29538.300770044138	
471	9307.761814492254	29317.203071888573	
472	9353.362086089734	29465.974538611114	
473	9369.60417938983	29510.667003939143	
474	9336.115825686657	29409.266621588496	
475	9318.644789389615	29348.091107350418	
476	9340.1809084527	29423.540221424184	
477	9322.576998709606	29364.260176852473	
478	9353.057946999621	29465.58141567803	
479	9361.605081688316	29482.475305574255	
480	9370.173943426738	29520.230410672884	
481	9369.867731866636	29509.186013004142	
482	9331.058664978686	29396.951892954457	
483	9354.690255383126	29458.813625004666	
484	9281.413087540383	29236.830683470787	
485	9393.831907436426	29585.925337110755	
486	9284.578469697313	29249.72016612882	
487	9343.054931025461	29423.66520428106	
488	9312.2305705313	29337.029238676234	
489	9359.280391599961	29472.301453342192	
490	9355.321901715026	29473.039771661566	
491	9374.158920592488	29522.68902306138	
492	9338.206009168667	29416.914070004925	
493	9400.893182658401	29603.872494161453	
494	9341.892246308995	29428.579992604682	
495	9392.136575817603	29582.816367990425	
496	9310.820098424296	29330.004718590157	
497	9388.338378087436	29570.700365689805	
498	9322.477095664326	29368.83711882945	
499	9408.754735388773	29633.671266118912	
500	9336.12748692166	29414.624243611415	
501	9413.337252108187	29645.62473183353	
502	9351.644664951671	29461.48401841913	
503	9403.783241974948	29618.442638330096	
504	9306.361220487825	29316.1207092878	
505	9408.326906800114	29631.129120949186	
506	9346.078088677152	29440.699443567268	
507	9358.404160150816	29476.09872568943	
508	9383.94771259593	29561.004257379915	
509	9381.227538868774	29544.280338646626	
510	9323.821280987646	29371.250200393155	
511	9373.370534453528	29521.45949649514	
512	9336.010102982158	29411.267554353275	
513	9375.010094950858	29523.974534211062	
514	9367.455883641156	29509.281054839295	
515	9392.57826268043	29580.714910242936	
516	9338.733459690793	29420.442974637663	
517	9414.659029060605	29652.346909912612	
518	9308.31652071014	29322.35526126639	
519	9413.287371327408	29648.733342014602	
520	9374.95487822209	29532.341509407117	
521	9349.676373181755	29448.48160852356	
522	9355.088121317118	29471.3225473091	
523	9379.1120302387	29542.9707836732	
524	9321.932403968116	29365.59901207388	
525	9370.31390672733	29512.006741203888	
526	9311.517334422213	29333.87493232907	
527	9379.700214519424	29542.68147109149	
528	9358.17297023267	29480.420800261865	
529	9361.520685704143	29482.225425147433	
530	9309.886146448023	29327.214696384286	
531	9366.325580950992	29498.971006467746	
532	9352.327279179734	29464.50553053909	
533	9397.270486251326	29598.101519634678	
534	9320.029433652133	29360.005188467538	
535	9363.285473452795	29493.16520546123	
536	9355.173848384855	29472.004213011645	
537	9356.669968456512	29469.154061124438	
538	9355.623590819187	29472.5641827014	
539	9377.242925695817	29535.859724540034	
540	9341.679569596457	29428.788713766186	
541	9427.43323993901	29692.260765083694	
542	9285.196458241418	29250.55004800023	
543	9365.600886496348	29499.305039495903	
544	9351.029419644785	29457.941091346536	
545	9368.662682988223	29508.696648408353	
546	9328.945540552248	29389.222959625386	
547	9388.20629770273	29568.892080724792	
548	9307.20687823584	29318.4926374055	
549	9371.036197870131	29515.221656322217	
550	9334.261378740322	29405.066798098596	
551	9386.778334501814	29563.067168298614	
552	9309.719958705991	29328.963231509355	
553	9399.146953139127	29603.93438124428	
554	9289.980384939186	29263.340735669575	
555	9387.583920298062	29570.18390399649	
556	9340.236286360212	29422.16309298872	
557	9367.720210155932	29505.638401664022	
558	9340.747003133916	29427.098633606827	
559	9374.292501546915	29523.610434437524	
560	9347.556440828683	29446.72596184613	
561	9355.8185482823	29466.580460882706	
562	9337.329514946832	29413.929625630706	
563	9368.378236357434	29504.514295044537	
564	9348.567258250576	29450.299353217044	
565	9374.608498721896	29522.810907491654	
566	9310.555578999893	29331.39504269582	
567	9402.565215342123	29612.562215646343	
568	9294.51527473342	29278.822252212736	
569	9397.50757721808	29596.011267793758	
570	9302.720711637006	29307.097667294704	
571	9397.25367918233	29593.239616454724	
572	9312.698926290732	29336.36207912423	
573	9399.482589861751	29606.189968812945	
574	9348.424099667143	29451.583469699483	
575	9390.118692623693	29575.30256179439	
576	9382.059710562247	29557.751484183114	
577	9351.532341027292	29452.260267842583	
578	9366.501039256937	29506.59046989953	
579	9335.742663270874	29402.611196010042	
580	9378.093244319241	29542.607821831403	
581	9378.002736775874	29539.87765669632	
582	9305.772834044184	29312.18764938196	
583	9369.201393157051	29509.085796090323	
584	9351.657691385017	29459.633265886227	
585	9377.738974305825	29539.255848647877	
586	9359.85349594669	29487.611557942244	
587	9347.242583926434	29441.19492609937	
588	9355.763333076758	29474.13238509035	
589	9330.533750384773	29387.955692836524	
590	9344.765872695676	29439.174651764544	
591	9304.652265617471	29306.516492091923	
592	9383.064327621372	29558.78539147053	
593	9287.27041066492	29253.18110659676	
594	9381.614990676862	29556.146048702478	
595	9338.657448582191	29415.49738917127	
596	9350.643250713036	29453.01623454439	
597	9384.2128200575	29556.1350492106	
598	9343.27617670778	29434.79708792362	
599	9360.142716821372	29480.218594234622	
600	9379.96520995321	29548.357160683907	
601	9342.625520158726	29424.934363352062	
602	9370.166575766843	29519.19333860492	
603	9393.53510962727	29583.586432545402	
604	9375.338078216797	29536.65149806027	
605	9311.20487676281	29322.498094922383	
606	9395.252808868512	29597.02187628412	
607	9336.018771460556	29405.45503504587	
608	9362.32898478235	29491.240127251083	
609	9359.18897948239	29480.123289571216	
610	9349.30670665528	29451.96608292276	
611	9358.1435964733	29473.86542697879	
612	9342.04082382096	29430.564849741913	
613	9350.540785185003	29454.33609132827	
614	9341.06533704711	29426.003740937293	
615	9381.285340392868	29546.744744295887	
616	9302.747001279575	29305.50296335761	
617	9362.494779552257	29489.27782008214	
618	9371.347437369983	29521.735542312796	
619	9331.666127435596	29390.905098272306	
620	9365.48347806864	29503.013908464392	
621	9346.40399363246	29433.599384989124	
622	9377.906638358956	29543.804691353784	
623	9303.61979634677	29299.557425371615	
624	9352.185740060968	29462.912080141567	
625	9324.97703500357	29373.75890399649	
626	9357.909197162237	29478.826421748654	
627	9354.267932057479	29460.01512406883	
628	9350.87680978884	29457.044858197838	
629	9348.846649506031	29443.227672046498	
630	9350.837471397474	29456.046640396537	
631	9358.033589420911	29470.123969891993	
632	9364.154440133414	29498.76158230437	
633	9378.608083732399	29541.723733043396	
634	9340.124448057148	29418.974594279804	
635	9358.247281179783	29464.230408841428	
636	9351.130561221167	29455.10198096112	
637	9332.531428243276	29387.8045112952	
638	9385.556547689694	29563.468649738712	
639	9363.70761691468	29484.354634460236	
640	9362.305356553588	29492.291389026428	
641	9386.142215496617	29555.82146878678	
642	9313.08144421103	29333.488168501266	
643	9342.296589123698	29418.218149493936	
644	9333.765089754339	29399.434498862705	
645	9365.748183776723	29491.696611923187	
646	9345.102352388656	29437.69222864219	
647	9384.410122640365	29550.087643879964	
648	9369.61455519059	29512.773288621316	
649	9368.10177041593	29500.755835851218	
650	9355.10420992664	29465.487665761404	
651	9385.964386550047	29556.302406116	
652	9307.62794068675	29315.069487892622	
653	9351.00426787214	29446.766597056947	
654	9322.296485680232	29365.4339059248	
655	9382.5031643424	29543.872031288254	
656	9368.680539266556	29510.439861499588	
657	9378.934097087087	29534.345771285818	
658	9374.68548115498	29524.515743892283	
659	9353.40558132064	29450.709263693094	
660	9354.114823559934	29461.81172486132	
661	9346.802246005465	29429.459425138768	
662	9356.38904138549	29469.815315840195	
663	9330.84245840046	29381.6546733458	
664	9364.209917322489	29498.837513283852	
665	9370.334399589314	29509.72872059995	
666	9357.867479992583	29472.052757896723	
667	9349.95875280259	29443.90392914802	
668	9336.950432582174	29404.90072797181	
669	9373.84550094888	29515.99551529575	
670	9341.646295973636	29419.10196463759	
671	9384.83287806681	29552.052501410897	
672	9346.131771788156	29430.955829183305	
673	9357.753696204496	29465.826396753397	
674	9351.67035380974	29450.69331133797	
675	9316.7021618704	29339.871139267078	
676	9358.216516610522	29474.531287897138	
677	9315.236621558952	29333.547113573535	
678	9374.789762710025	29529.135362055615	
679	9339.756849699832	29412.591695482166	
680	9366.070659131829	29502.960463137275	
681	9348.027873590827	29435.414502703625	
682	9365.319606251527	29498.912517628534	
683	9374.971230667354	29521.9884643959	
684	9344.591226686121	29430.29650718306	
685	9357.93074441409	29464.82205715142	
686	9367.143557524383	29504.252548867473	
687	9394.159137262344	29582.261714794822	
688	9312.123991648892	29330.283438651182	
689	9368.48549451519	29503.7726274038	
690	9337.050218595437	29410.281217005228	
691	9351.867624176557	29449.15533181923	
692	9337.253313772084	29408.10805307212	
693	9373.904849274348	29518.925709519586	
694	9334.701065009232	29400.177566216465	
695	9343.342773131655	29420.288427512747	
696	9337.355263158079	29409.46906986333	
697	9352.582803287365	29451.340280998433	
698	9331.047983436896	29391.49231042692	
699	9365.659990805065	29491.56983463725	
700	9310.032997523907	29322.542090574607	
701	9359.214097714466	29471.458649356995	
702	9344.298574713532	29434.419817628568	
703	9366.546079681055	29499.04730405639	
704	9306.183683307412	29310.156855442663	
705	9366.438352750452	29493.248063434043	
706	9343.301569864616	29425.338285829224	
707	9348.020737400351	29436.145525465476	
708	9356.015872107171	29468.42349135599	
709	9379.443297704891	29533.850626627536	
710	9302.495223248803	29296.299661266057	
711	9378.852567689246	29533.366246891197	
712	9325.873617167115	29370.442024559867	
713	9372.98450651656	29511.665898888663	
714	9324.375931081378	29367.144455158446	
715	9344.382696121718	29425.33678274708	
716	9365.161611978907	29493.766613307864	
717	9387.996401397035	29564.41920269574	
718	9361.078469406664	29482.475095050017	
719	9407.198664819556	29623.631451574565	
720	9340.376212717536	29418.980820617257	
721	9375.819328003827	29523.56443133507	
722	9345.95343535556	29439.679110198034	
723	9354.468121462247	29456.18879592066	
724	9347.967034105272	29441.73620130388	
725	9422.031252123128	29668.108730186083	
726	9351.428618109168	29455.15218378194	
727	9348.343183561845	29437.215253694343	
728	9373.844600333054	29526.958752238774	
729	9382.97152865674	29545.44556749894	
730	9368.65816402252	29505.32256552739	
731	9349.640746864072	29439.973826115594	
732	9370.025346778957	29510.63777475656	
733	9354.793395176363	29457.189039376724	
734	9339.341375335605	29415.133005051033	
735	9342.103500308494	29416.310481318036	
736	9369.696102220945	29510.302781198792	
737	9388.012411982902	29562.38623754569	
738	9325.802515589818	29373.22844321419	
739	9352.39427144629	29450.904464589577	
740	9368.111142955648	29506.628612048764	
741	9350.055396000476	29440.990833480126	
742	9345.204623314308	29435.92481129465	
743	9398.689599655909	29595.70671088045	
744	9342.261397901279	29424.929194493536	
745	9380.358438122474	29538.561341207336	
746	9390.887618793777	29576.153608591772	
747	9363.669698841199	29486.12027957446	
748	9335.873165065883	29408.01585692126	
749	9407.364389694076	29622.638474663552	
750	9347.842425524252	29443.06859258098	
751	9412.037664192496	29640.99958493951	
752	9357.59993469043	29475.14507956544	
753	9365.147839358366	29488.71526211558	
754	9340.081682726226	29420.86193010498	
755	9375.637119306111	29521.295247246555	
756	9339.44424575306	29412.12465586288	
757	9402.596583294337	29611.088335684755	
758	9322.986180596448	29364.663341562667	
759	9415.084069714338	29647.702012137357	
760	9321.823405893258	29358.93255026907	
761	9399.497405475107	29601.474562157833	
762	9341.92048518636	29422.583636798146	
763	9366.796733978435	29493.71083124709	
764	9324.384353576808	29367.066109303054	
765	9390.039053354541	29570.67170705984	
766	9320.91138921497	29359.525328100746	
767	9349.455719546664	29440.873848107152	
768	9331.942510454315	29391.426244327507	
769	9385.755914221685	29556.0911168678	
770	9298.738162872925	29288.23135634133	
771	9382.879473332234	29548.475224606995	
772	9318.008911091754	29349.19747513824	
773	9376.049268392511	29525.24582605447	
774	9338.102716321759	29412.239332410554	
775	9395.92617404379	29587.541435382078	
776	9296.623301206546	29279.585920437174	
777	9417.66788370213	29657.092414897976	
778	9304.42120234919	29301.28145209613	
779	9379.98976460383	29534.92674452098	
780	9285.339043041471	29243.392659308138	
781	9387.469756061733	29558.555164527545	
782	9317.335731376135	29346.505909204487	
783	9371.452968227215	29511.045570595186	
784	9342.728739784277	29423.07123110168	
785	9327.738068835699	29373.72787820651	
786	9374.56677532598	29525.24516757266	
787	9349.167919607891	29437.562316695446	
788	9352.279803576199	29452.967684570147	
789	9355.306056175556	29458.971249204624	
790	9326.651228386934	29372.191267089493	
791	9367.738788266292	29496.67751089707	
792	9355.311540148718	29462.45812895651	
793	9344.605539012122	29424.079170043602	
794	9315.741206237555	29336.82836090268	
795	9394.210277956945	29582.681028740542	
796	9306.339466938072	29308.347078638617	
797	9359.521461340757	29473.557923634835	
798	9344.64315604379	29426.317987203867	
799	9349.665544170315	29443.962971753404	
800	9309.38028691281	29320.12068410373	
801	9391.511305807988	29572.8255219577	
802	9323.605657164006	29360.36637081627	
803	9379.197983655475	29534.962910269278	
804	9336.782893359892	29409.821603226355	
805	9343.117118321788	29421.484234438896	
806	9305.477315191265	29309.893107254036	
807	9364.196556958825	29485.870817944287	
808	9329.447365749547	29384.445187799545	
809	9372.959710716053	29513.211611029048	
810	9314.12385359606	29333.47236272651	
811	9367.731122048119	29496.575341639113	
812	9376.516850488495	29532.51652841108	
813	9384.497953978333	29550.793865715368	
814	9349.234382996705	29448.946746356956	
815	9393.408309635392	29579.56190039051	
816	9341.99213852325	29429.143080578517	
817	9368.390652002572	29499.937682675598	
818	9333.742776098261	29402.046945630296	
819	9402.945872139384	29609.820552276055	
820	9343.918407018029	29433.573130106637	
821	9322.213606692636	29354.492823581986	
822	9318.247802576621	29351.408806663734	
823	9376.678138846699	29525.096573161023	
824	9317.360858768121	29347.093447121388	
825	9413.19634697392	29642.00529382644	
826	9316.995974927715	29346.33306333659	
827	9371.51744925445	29510.97797580077	
828	9333.183461715815	29393.47792725085	
829	9372.746047972862	29514.39211912576	
830	9347.99265710148	29442.89662877277	
831	9347.201065194839	29435.89305564637	
832	9331.263274135426	29390.96223627536	
833	9380.600270786103	29536.462895740216	
834	9315.789323177973	29342.24528980031	
835	9385.769161867422	29553.357347501424	
836	9310.530874855049	29320.030409569656	
837	9346.570720379696	29431.4978073854	
838	9367.95346889993	29504.55220392041	
839	9369.686506263997	29501.612576579642	
840	9324.910365139363	29367.553175768062	
841	9395.314521715314	29584.962603073298	
842	9329.463114491264	29387.123928024168	
843	9360.904253089737	29477.34391562034	
844	9339.126829719089	29418.76800832694	
845	9393.162557961248	29578.460034776803	
846	9313.945396112675	29337.55041480737	
847	9401.280758827974	29604.8844345251	
848	9313.227292883605	29332.01598096738	
849	9389.00758508619	29565.545149941787	
850	9310.06373424275	29321.566743551874	
851	9398.964353775165	29595.048104504855	
852	9328.74648470571	29378.670712858937	
853	9318.627436438499	29342.5445538679	
854	9384.672567233103	29556.204154421357	
855	9367.917811536634	29499.809255385342	
856	9393.792603704125	29582.762804404403	
857	9348.969895795146	29441.011406093447	
858	9341.795890994374	29420.031331598533	
859	9372.27672178316	29512.300552921995	
860	9324.517856385395	29367.22336436795	
861	9332.58729681852	29387.595788165225	
862	9369.713623932723	29511.60180785174	
863	9356.10861096393	29462.147995009775	
864	9341.230636718728	29422.257636304672	
865	9363.194012340977	29486.218777095117	
866	9330.128759428357	29387.16913922284	
867	9362.56454596383	29493.188715421118	
868	9317.854686563114	29349.3615876825	
869	9385.710783448405	29569.034800234676	
870	9329.023205262025	29385.999158608345	
871	9374.190841844576	29530.36198260528	
872	9329.058935631361	29389.214108447	
873	9353.814595916372	29464.04077410396	
874	9303.702998006234	29309.595482101227	
875	9363.884043322127	29496.221815132834	
876	9317.798751675973	29354.359397656885	
877	9371.87500392725	29522.80093565584	
878	9330.963278625764	29389.004569883025	
879	9364.43466834839	29500.658834467442	
880	9301.299123467736	29293.979112166166	
881	9332.59574883773	29400.134847968697	
882	9307.880372072408	29317.00106056996	
883	9358.239455415887	29480.247702041448	
884	9333.087912395522	29400.389495195373	
885	9337.561555637869	29413.596255900728	
886	9310.066291439882	29319.546477677468	
887	9345.391190701874	29439.38236713982	
888	9312.414761848391	29325.184942266995	
889	9343.819533622818	29436.711323493193	
890	9307.501710033608	29313.872860562788	
891	9353.38264820188	29464.345590216795	
892	9287.80593544209	29251.59920203086	
893	9347.840005302862	29448.96009871369	
894	9320.274658932864	29354.375388923676	
895	9370.213258693195	29518.19079976302	
896	9302.271232863026	29300.400840983173	
897	9360.880871943344	29488.702098213715	
898	9320.10501119735	29351.699295522052	
899	9339.862118665496	29423.111972389856	
900	9351.135891034804	29449.737086035322	
901	9341.912958568395	29430.20478053581	
902	9333.069540737859	29391.043567578487	
903	9320.705146613076	29364.089871521486	
904	9348.300630295775	29442.13045529686	
905	9368.12929558029	29511.29313692625	
906	9336.178528928935	29403.85115930134	
907	9405.912543840232	29631.395843053437	
908	9300.382763956377	29291.619299614387	
909	9347.664776152877	29448.438295773307	
910	9323.325984854147	29364.081817020186	
911	9331.914205951793	29399.540545889307	
912	9356.243128506323	29469.083255096695	
913	9384.876247500471	29566.620411696083	
914	9337.122037917123	29409.335583358235	
915	9351.200038077272	29459.98840650648	
916	9389.904636159208	29572.31599402775	
917	9329.785812154552	29389.490219209092	
918	9367.241417212217	29505.037460065047	
919	9331.950225170362	29398.013852040836	
920	9335.230958862325	29399.913754332705	
921	9373.029937205161	29527.57563179556	
922	9400.291776554788	29603.519194059147	
923	9302.438555213515	29304.37824694358	
924	9347.543966462907	29442.090969323195	
925	9338.237820876118	29415.803768836136	
926	9304.802913825926	29306.891096627096	
927	9378.064735337544	29543.31901463346	
928	9331.405503150032	29387.85633703296	
929	9334.475658522633	29409.67077643009	
930	9354.295472052707	29463.16627942521	
931	9368.251046045067	29511.12328401771	
932	9336.067361162835	29403.26754852894	
933	9381.86182918303	29556.444298865707	
934	9359.268797632616	29480.431365266453	
935	9333.644137807663	29402.150490079006	
936	9385.754518867465	29560.28574461856	
937	9367.227467548391	29509.470029135544	
938	9334.583620834192	29401.581471245216	
939	9372.93389719118	29530.171145005028	
940	9320.13394353612	29356.34344399478	
941	9354.08155347055	29469.021967638288	
942	9390.649758395963	29578.630714228006	
943	9380.11225352661	29551.82884843299	
944	9349.467747637365	29448.746350376754	
945	9415.186650892547	29659.38332687523	
946	9324.082022020768	29364.12018259221	
947	9392.495238876714	29590.86082068526	
948	9364.382000569369	29496.002921886662	
949	9354.929075208356	29471.738374558387	
950	9336.635156047376	29409.236287301053	
951	9386.70649684575	29572.108301731452	
952	9348.991726528418	29444.177751435232	
953	9316.266169505396	29347.510196394476	
954	9375.59631336038	29532.23261968792	
955	9347.329668393577	29445.71086497151	
956	9342.814948418325	29426.33735898911	
957	9367.209345560455	29510.884198284737	
958	9355.63065277323	29463.792851361854	
959	9365.117687372436	29502.83144133354	
960	9362.345245916345	29490.99814025147	
961	9364.448152400806	29499.878149648135	
962	9291.881614215037	29267.149034088183	
963	9401.316119952757	29616.06433452822	
964	9297.51900343302	29283.434309574128	
965	9401.531140566523	29618.729722651424	
966	9307.38555271747	29314.40070265875	
967	9366.537621304811	29510.310321834113	
968	9332.555907257074	29393.825478592313	
969	9370.482805358986	29518.63747709892	
970	9317.876078786332	29347.477319011967	
971	9369.900933511146	29516.28905410195	
972	9309.86579196654	29325.940983004784	
973	9367.063587061306	29508.33458307205	
974	9309.473348418913	29324.515415079524	
975	9408.610052461956	29642.79933138401	
976	9311.829986332637	29329.849671528602	
977	9425.765266213526	29694.61833833932	
978	9337.349148824334	29407.77274413789	
979	9370.502636748095	29520.22836724457	
980	9347.596430932543	29446.2130394245	
981	9396.296553755234	29599.965043175256	
982	9353.68463379013	29462.276371132433	
983	9387.11004620235	29574.859943407402	
984	9319.46421311962	29352.50128048342	
985	9409.732506331771	29644.078097728423	
986	9368.292870221196	29509.26019010967	
987	9378.34898246412	29544.137505460934	
988	9338.153156102793	29411.356935087668	
989	9378.118743347237	29542.231066967994	
990	9369.69946366552	29511.52807024917	
991	9399.829235605463	29612.89984917024	
992	9323.939561212117	29368.852449307757	
993	9374.092204278702	29531.314917699463	
994	9362.708065470928	29487.024639192758	
995	9328.31214483246	29387.978701551536	
996	9396.268722198176	29592.891637612596	
997	9380.18329491845	29551.11135612865	
998	9366.46558730344	29500.63684475442	
999	9379.205519285408	29547.417175326307	
1000	9402.461253204165	29608.64255979002	
